age_0,adviser_0,rate
20,1,0.27
20,2,0.262
20,3,0.252
21,1,0.28
21,2,0.271
21,3,0.26
22,1,0.291
22,2,0.281
22,3,0.268
23,1,0.302
23,2,0.291
23,3,0.276
24,1,0.312
24,2,0.302
24,3,0.285
25,1,0.324
25,2,0.313
25,3,0.294
26,1,0.335
26,2,0.327
26,3,0.306
27,1,0.346
27,2,0.342
27,3,0.317
28,1,0.358
28,2,0.356
28,3,0.329
29,1,0.37
29,2,0.369
29,3,0.341
30,1,0.381
30,2,0.381
30,3,0.356
31,1,0.394
31,2,0.393
31,3,0.375
32,1,0.402
32,2,0.399
32,3,0.386
33,1,0.407
33,2,0.403
33,3,0.398
34,1,0.412
34,2,0.407
34,3,0.41
35,1,0.417
35,2,0.411
35,3,0.423
36,1,0.423
36,2,0.415
36,3,0.435
37,1,0.43
37,2,0.42
37,3,0.446
38,1,0.435
38,2,0.429
38,3,0.458
39,1,0.438
39,2,0.44
39,3,0.47
40,1,0.446
40,2,0.45
40,3,0.489
41,1,0.459
41,2,0.463
41,3,0.544
42,1,0.467
42,2,0.471
42,3,0.611
43,1,0.471
43,2,0.478
43,3,0.676
44,1,0.479
44,2,0.487
44,3,0.735
45,1,0.488
45,2,0.498
45,3,0.787
46,1,0.496
46,2,0.509
46,3,0.832
47,1,0.501
47,2,0.519
47,3,0.869
48,1,0.506
48,2,0.526
48,3,0.898
49,1,0.512
49,2,0.532
49,3,0.922
50,1,0.525
50,2,0.54
50,3,0.94
51,1,0.538
51,2,0.556
51,3,0.949
52,1,0.55
52,2,0.563
52,3,0.955
53,1,0.562
53,2,0.57
53,3,0.961
54,1,0.574
54,2,0.578
54,3,0.966
55,1,0.586
55,2,0.588
55,3,0.97
56,1,0.598
56,2,0.6
56,3,0.973
57,1,0.61
57,2,0.615
57,3,0.977
58,1,0.624
58,2,0.632
58,3,0.98
59,1,0.649
59,2,0.651
59,3,0.982
60,1,0.674
60,2,0.671
60,3,0.984
61,1,0.707
61,2,0.696
61,3,0.986
62,1,0.736
62,2,0.721
62,3,0.987
63,1,0.762
63,2,0.744
63,3,0.989
64,1,0.786
64,2,0.766
64,3,0.99
65,1,0.808
65,2,0.786
65,3,0.991
